GPST AZ LAT LON
1298964458.424202 251.71492283451192  
1298964458.51617 251.6961516941396  
1298964458.637607 251.94220415161467 5959.78019 03017.47208
1298964458.762217 251.7727687550395 5959.78011 03017.47212
1298964458.88717 252.05917449763507 5959.78013 03017.47218
1298964459.030332 252.07567079877376 5959.78013 03017.47220
1298964459.167065 251.79103697397534 5959.78011 03017.47219
1298964459.307691 251.97614427259967 5959.78008 03017.47215
1298964459.425805 251.75179665512948 5959.78007 03017.47214
1298964459.520552 251.75179665512948 5959.78004 03017.47213
1298964459.664055 251.76990721595703 5959.77999 03017.47211
1298964459.78585 252.13973090081205 5959.77997 03017.47213
1298964459.875368 251.76990721595703 5959.77995 03017.47214
1298964460.015933 251.86197149875167 5959.77994 03017.47216
1298964460.110945 251.86197149875167 5959.77993 03017.47217
1298964460.154999 251.86197149875167 5959.77992 03017.47218
1298964460.298987 251.6384520363911 5959.77991 03017.47218
1298964460.420849 251.7132995176728 5959.77989 03017.47218
1298964460.515735 251.935800152534 5959.77986 03017.47215
1298964460.590386 252.28531238514293 5959.77983 03017.47215
1298964460.6344 252.28531238514293 5959.77982 03017.47215
1298964460.755861 252.58540348316455 5959.77979 03017.47213
1298964460.83035 252.09827988061394 5959.77976 03017.47211
1298964460.905266 252.09827988061394 5959.77974 03017.47209
1298964460.979867 251.9296606064124 5959.77971 03017.47207
1298964461.053882 251.12689616980407 5959.77971 03017.47204
1298964461.173657 250.91778841387344 5959.77968 03017.47202
1298964461.247648 249.4844194629062 5959.77966 03017.47201
1298964461.322065 248.95577833756084 5959.77966 03017.47200
1298964461.416909 248.61483425456348 5959.77965 03017.47197
1298964461.490869 247.5031677009345 5959.77963 03017.47197
1298964461.58503 245.47361025415563 5959.77962 03017.47194
1298964461.673839 244.61895265754288 5959.77962 03017.47191
1298964461.701774 244.61895265754288 5959.77961 03017.47189
1298964461.796827 242.61938891707808 5959.77959 03017.47186
1298964461.891888 242.3923392908278 5959.77956 03017.47187
1298964461.986925 242.32824456378472 5959.77955 03017.47187
1298964462.030893 242.88978004828442 5959.77958 03017.47186
1298964462.125189 243.50834968223512 5959.77957 03017.47184
1298964462.198978 243.9530383881511 5959.77959 03017.47186
1298964462.295448 244.80684726348892 5959.77959 03017.47181
1298964462.390042 245.20854403120254 5959.77960 03017.47175
1298964462.463991 245.23764152165515 5959.77969 03017.47183
1298964462.538561 245.15838907781298 5959.77967 03017.47179
1298964462.634611 244.97050166125217 5959.77969 03017.47176
1298964462.709207 245.10771289024186 5959.77974 03017.47175
1298964462.782921 245.05014860209118 5959.77976 03017.47174
1298964462.857095 245.25818567536905 5959.77979 03017.47174
1298964462.930825 245.23764152165515 5959.77983 03017.47161
1298964463.025599 245.84565554135898 5959.77986 03017.47157
1298964463.099585 245.69021430710956 5959.77988 03017.47157
1298964463.193871 245.75177941643915 5959.77987 03017.47160
1298964463.267659 245.75177941643915 5959.77986 03017.47160
1298964463.341936 246.17216798229035 5959.77984 03017.47161
1298964463.415996 246.0492199031077 5959.77984 03017.47164
1298964463.490175 246.5445393049578 5959.77985 03017.47164
1298964463.533984 246.5445393049578 5959.77988 03017.47164
1298964463.64365 246.31425833846475 5959.77994 03017.47160
1298964463.763511 246.47830609053185 5959.77994 03017.47159
1298964463.838042 246.50132793719243 5959.77993 03017.47157
1298964463.881985 246.15925820887082 5959.77991 03017.47157
1298964464.001713 246.4680729848494 5959.77989 03017.47158
1298964464.046048 246.4680729848494 5959.77990 03017.47156
1298964464.142724 246.50132793719243 5959.77988 03017.47155
1298964464.242033 246.50132793719243 5959.77987 03017.47154
1298964464.318579 246.50132793719243 5959.77985 03017.47153
1298964464.362787 246.4243811069667 5959.77984 03017.47152
1298964464.45982 246.73040218171735 5959.77981 03017.47152
1298964464.55505 246.57797944476857 5959.77980 03017.47151
1298964464.636646 246.6455172787008 5959.77979 03017.47152
1298964464.734549 246.6543370538124 5959.77980 03017.47149
1298964464.778635 246.6543370538124 5959.77981 03017.47148
1298964464.872869 246.72224387627438 5959.77977 03017.47149
1298964464.947288 246.4680729848494 5959.77977 03017.47149
1298964465.021521 246.4243811069667 5959.77976 03017.47147
1298964465.116279 246.6543370538124 5959.77979 03017.47146
1298964465.190336 246.5445393049578 5959.77979 03017.47145
1298964465.284422 246.53480062784527 5959.77978 03017.47145
1298964465.358223 246.3471375232405 5959.77980 03017.47143
1298964465.432221 246.73040218171735 5959.77982 03017.47141
1298964465.475981 246.57797944476857 5959.77983 03017.47140
1298964465.570616 246.4243811069667 5959.77985 03017.47139
1298964465.680056 246.4680729848494 5959.77986 03017.47138
1298964465.724215 246.31425833846475 5959.77987 03017.47137
1298964465.818896 246.3471375232405 5959.77989 03017.47136
1298964465.892794 246.62071350474005 5959.77990 03017.47135
1298964466.012379 246.45766606343605 5959.77991 03017.47134
1298964466.086031 246.45766606343605 5959.77991 03017.47134
1298964466.160788 246.73040218171735 5959.77991 03017.47134
1298964466.234596 246.56849317923465 5959.77992 03017.47133
1298964466.308674 247.02620407803687 5959.77991 03017.47132
1298964466.40325 247.2832184329272 5959.77992 03017.47132
1298964466.477613 247.05583906243174 5959.77994 03017.47132
1298964466.551793 246.94434402452967 5959.77995 03017.47135
1298964466.657218 247.13192733917492 5959.77994 03017.47128
1298964466.731327 247.16763120089593 5959.77995 03017.47126
1298964466.826923 247.17207101332505 5959.77996 03017.47126
1298964466.901239 247.01479486926638 5959.77997 03017.47125
1298964466.975155 247.01479486926638 5959.77997 03017.47124
1298964467.049514 247.1631150994224 5959.77999 03017.47123
1298964467.150847 246.66102111578783 5959.77999 03017.47122
1298964467.224434 247.69326580735355 5959.78000 03017.47123
1298964467.281622 248.57037692868718 5959.78001 03017.47121
1298964467.351768 249.3471210835583 5959.78001 03017.47123
1298964467.421954 249.93251031920562 5959.78002 03017.47121
1298964467.454902 249.93251031920562 5959.78001 03017.47120
1298964467.524958 250.65493011725198 5959.78001 03017.47118
1298964467.600255 250.65493011725198 5959.78002 03017.47117
1298964467.670481 251.55428642742908 5959.78003 03017.47115
1298964467.725403 251.55428642742908 5959.78004 03017.47115
1298964467.780436 253.46863127782066 5959.78005 03017.47116
1298964467.835449 255.41664974355265 5959.78007 03017.47116
1298964467.905617 256.4285827587543 5959.78009 03017.47117
1298964467.99574 257.58213952716795 5959.78009 03017.47117
1298964468.053514 257.58213952716795 5959.78010 03017.47118
1298964468.129253 261.2300265087559 5959.78011 03017.47122
1298964468.184597 261.2300265087559 5959.78012 03017.47124
1298964468.239528 264.3832388796946 5959.78011 03017.47128
1298964468.294334 263.0762766629902 5959.78014 03017.47133
1298964468.364557 262.87825507234464 5959.78015 03017.47129
1298964468.419471 264.1894900289271 5959.78016 03017.47126
1298964468.474468 264.1894900289271 5959.78018 03017.47126
1298964468.544689 266.3025420218908 5959.78019 03017.47125
1298964468.599585 267.1310162969808 5959.78020 03017.47124
1298964468.663241 267.44650407364577 5959.78021 03017.47123
1298964468.717871 267.44650407364577 5959.78020 03017.47124
1298964468.788059 266.1282146302756 5959.78022 03017.47122
1298964468.843183 266.1282146302756 5959.78023 03017.47123
1298964468.913179 265.59654126124406 5959.78023 03017.47123
1298964468.967801 265.59654126124406 5959.78024 03017.47122
1298964469.022656 264.44353031237927 5959.78025 03017.47123
1298964469.102194 264.1613061125572 5959.78025 03017.47122
1298964469.23063 263.3864915331307 5959.78025 03017.47122
1298964469.420569 264.1080597188949 5959.78025 03017.47122
1298964469.6041 262.7487484558869 5959.78025 03017.47121
1298964469.839369 263.504636737492 5959.78025 03017.47121
1298964470.022766 264.4494519487153 5959.78026 03017.47123
1298964470.212425 262.4129255248468 5959.78027 03017.47118
1298964470.444558 265.2143016457237 5959.78026 03017.47120
1298964470.628215 265.34339002728365 5959.78026 03017.47121
1298964470.811464 267.2742408525164 5959.78026 03017.47121
1298964471.002672 269.34075819044835 5959.78023 03017.47124
1298964471.236396 271.05295967556214 5959.78025 03017.47120
1298964471.420052 272.18394360357723 5959.78025 03017.47118
1298964471.603668 272.7721167200099 5959.78026 03017.47114
1298964471.84307 273.75000274610204 5959.78029 03017.47107
1298964472.025374 274.6008885644977 5959.78031 03017.47097
1298964472.208868 274.3845984098598 5959.78034 03017.47083
1298964472.392339 273.7411889148446 5959.78037 03017.47068
1298964472.632205 274.4373657125705 5959.78036 03017.47048
1298964472.817181 273.54907574845845 5959.78037 03017.47028
1298964473.008497 273.73832006166265 5959.78038 03017.46996
1298964473.249881 275.04314158742346 5959.78043 03017.46977
1298964473.43346 273.5877313127174 5959.78041 03017.46954
1298964473.624846 271.63335787137163 5959.78034 03017.46919
1298964473.806607 270.1303548957362 5959.78034 03017.46892
1298964473.990554 267.12868261510664 5959.78033 03017.46870
1298964474.257182 267.0274019147516 5959.78030 03017.46841
1298964474.440978 267.41769461033766 5959.78025 03017.46768
1298964474.781785 269.8301081410483 5959.78012 03017.46738
1298964475.021513 269.86396552234635 5959.78020 03017.46693
1298964475.206083 270.0135306830752 5959.77984 03017.46684
1298964475.597857 271.4082066128747 5959.77992 03017.46664
1298964475.785474 271.23330507686785 5959.77989 03017.46623
1298964476.177468 268.8067658857188 5959.77994 03017.46593
1298964476.360941 269.4579425256176 5959.77986 03017.46575
1298964476.552308 269.77737081399886 5959.77984 03017.46554
1298964476.743601 269.9687511500903 5959.77982 03017.46520
1298964476.819244 270.2584811830737 5959.77982 03017.46493
1298964477.169811 270.55202768721915 5959.77980 03017.46469
1298964477.361274 272.10818360489566 5959.77977 03017.46449
1298964477.434807 272.62756090993014 5959.77985 03017.46421
1298964477.742374 273.84760158566644 5959.77987 03017.46385
1298964477.817722 273.95742980824946 5959.77990 03017.46352
1298964478.174791 274.99916939382086 5959.77991 03017.46330
1298964478.415611 274.1002600625731 5959.77991 03017.46308
1298964478.606911 274.8349960529328 5959.77992 03017.46278
1298964478.71668 274.44560843233205 5959.77990 03017.46263
1298964478.991321 275.099674158632 5959.77989 03017.46193
1298964479.3989 275.90596460450445 5959.77986 03017.46171
1298964479.590478 276.80448298023117 5959.77986 03017.46120
1298964479.823822 277.34131400310355 5959.77984 03017.46094
1298964480.222025 277.53626352456587 5959.77987 03017.46063
1298964480.4134 276.53502856493844 5959.77990 03017.45980
1298964480.821216 274.68795055642846 5959.77985 03017.45940
1298964481.02022 273.39187748293784 5959.77984 03017.45910
1298964481.213449 273.1050844973975 5959.77986 03017.45865
1298964481.410828 271.22125013933254 5959.77984 03017.45832
1298964481.4847 270.4084600779222 5959.77984 03017.45821
1298964481.817531 270.85240548065843 5959.77983 03017.45799
1298964482.002593 269.93250988219296 5959.77985 03017.45770
1298964482.335388 270.1238372719132 5959.77987 03017.45712
1298964482.403114 269.481150974468 5959.77985 03017.45705
1298964482.736059 269.68611918231323 5959.77982 03017.45686
1298964482.925532 269.43915614488697 5959.77983 03017.45634
1298964483.159016 267.2028409770421 5959.77978 03017.45615
1298964483.491777 264.7828535428031 5959.77969 03017.45575
1298964483.875705 266.59094581374 5959.77971 03017.45551
1298964484.09859 266.975601238831 5959.77965 03017.45498
1298964484.282347 269.2301877983574 5959.77967 03017.45474
1298964484.666232 271.86538417238455 5959.77966 03017.45441
1298964484.855694 273.2372844781938 5959.77965 03017.45423
1298964484.923503 273.2532309791773 5959.77965 03017.45394
1298964485.256334 272.3022149449639 5959.77966 03017.45372
1298964485.440064 271.2326850530659 5959.77969 03017.45348
1298964485.629639 270.50215213572886 5959.77963 03017.45330
1298964485.813112 270.50215213572886 5959.77963 03017.45310
1298964485.881019 270.74271363092276 5959.77963 03017.45286
1298964486.213684 270.50614021018134 5959.77964 03017.45260
1298964486.45327 272.13451067056485 5959.77967 03017.45210
1298964486.83708 273.4373624701204 5959.77970 03017.45155
1298964487.226837 272.6062546947078 5959.77974 03017.45119
1298964487.410587 271.29227609444445 5959.77972 03017.45091
1298964487.594419 270.3007638703036 5959.77970 03017.45057
1298964487.827695 263.2744304346416 5959.77969 03017.45026
1298964487.901503 262.2043253075226 5959.77969 03017.44991
1298964488.234478 260.16745958578457 5959.77967 03017.44947
1298964488.417863 261.74300333520785 5959.77961 03017.44871
1298964488.651654 265.808935324137 5959.77961 03017.44833
1298964489.017582 276.59880364516835 5959.77957 03017.44802
1298964489.207079 280.8564904394908 5959.77957 03017.44763
1298964489.274848 281.3833333333334 5959.77956 03017.44726
1298964489.607676 284.4498188344592 5959.77956 03017.44696
1298964489.841414 283.5812397345861 5959.77953 03017.44662
1298964490.030714 283.79436307994456 5959.77953 03017.44627
1298964490.214571 283.57191589373656 5959.77950 03017.44589
1298964490.282296 282.3584864764259 5959.77949 03017.44555
1298964490.616623 282.0557881305447 5959.77947 03017.44532
1298964490.804684 281.24658948911525 5959.77944 03017.44499
1298964490.872392 280.24766266635385 5959.77947 03017.44475
1298964491.262152 280.74815115728364 5959.77951 03017.44419
1298964491.646149 281.6764038183597 5959.77947 03017.44394
1298964491.829817 280.79870281262816 5959.77948 03017.44368
1298964492.069448 280.9557608264999 5959.77946 03017.44358
1298964492.25283 281.3833333333334 5959.77944 03017.44304
1298964492.636763 282.0736105311984 5959.77941 03017.44277
1298964492.826404 282.1293299717034 5959.77943 03017.44209
1298964493.060022 280.8612905634302 5959.77933 03017.44173
1298964493.392704 279.7659998523261 5959.77930 03017.44132
1298964493.57641 278.5351454219454 5959.77927 03017.44099
1298964493.651892 278.9116685716999 5959.77921 03017.44064
1298964494.0257 275.2579613931336 5959.77919 03017.44040
1298964494.259375 274.18850796687275 5959.77918 03017.44006
1298964494.448724 273.2532309791773 5959.77908 03017.43979
1298964494.632452 273.1597632325415 5959.77908 03017.43952
1298964494.70034 273.84965216344136 5959.77915 03017.43914
1298964495.032952 272.98326373687775 5959.77916 03017.43893
1298964495.222621 273.8595128946947 5959.77916 03017.43863
1298964495.290495 274.4969060019014 5959.77911 03017.43826
1298964495.623097 273.9696329271208 5959.77910 03017.43795
1298964495.696725 274.68146866682355 5959.77911 03017.43759
1298964496.02966 273.7792367756653 5959.77911 03017.43727
1298964496.263237 273.90516285100705 5959.77915 03017.43700
1298964496.446775 273.2532309791773 5959.77917 03017.43669
1298964496.630578 272.21658196910903 5959.77921 03017.43642
1298964496.704116 272.57463249690943 5959.77922 03017.43614
1298964497.087937 271.06656762623015 5959.77921 03017.43584
1298964497.27762 270.7948467088095 5959.77919 03017.43526
1298964497.51125 269.66501018572757 5959.77915 03017.43495
1298964497.899306 269.5015019086514 5959.77912 03017.43461
1298964498.001349 268.57301255185723 5959.77908 03017.43418
1298964498.075322 268.6019993378699 5959.77906 03017.43385
1298964498.408162 267.83392492136124 5959.77903 03017.43353
1298964498.591575 267.22784804065657 5959.77900 03017.43320
1298964498.776743 267.5947200016072 5959.77900 03017.43292
1298964499.049535 265.7410868761246 5959.77900 03017.43232
1298964499.433463 265.5402512156463 5959.77901 03017.43202
1298964499.617076 265.2485021218845 5959.77898 03017.43163
1298964499.69075 265.91200516781316 5959.77895 03017.43124
1298964500.023545 265.900851619285 5959.77889 03017.43045
1298964500.407455 269.15429607559884 5959.77887 03017.43009
1298964500.596942 271.37535353189196 5959.77876 03017.42964
1298964500.780698 274.2124314260248 5959.77871 03017.42929
1298964501.01437 274.6589802402237 5959.77860 03017.42858
1298964501.404035 275.6845343042536 5959.77855 03017.42827
1298964501.587723 273.51870420934694 5959.77844 03017.42787
1298964501.655533 273.13241770643543 5959.77841 03017.42753
1298964501.844976 270.69842093333057 5959.77835 03017.42720
1298964502.228902 266.6397704968626 5959.77827 03017.42690
1298964502.412644 266.0555701380314 5959.77820 03017.42664
1298964502.486454 265.89073123106715 5959.77815 03017.42631
1298964502.819132 267.9523044626516 5959.77811 03017.42606
1298964503.052679 268.67394519707756 5959.77815 03017.42571
1298964503.236356 270.4803885015814 5959.77806 03017.42555
1298964503.344097 271.65575478193176 5959.77802 03017.42535
1298964503.426377 271.90231756006136 5959.77798 03017.42507
1298964503.800243 272.0180238661803 5959.77795 03017.42485
1298964504.016917 271.09976268219805 5959.77795 03017.42456
1298964504.090894 271.3484541068668 5959.77791 03017.42429
1298964504.425166 272.7676851491692 5959.77787 03017.42400
1298964504.658738 273.88137650483435 5959.77781 03017.42366
1298964504.842428 272.60909408208477 5959.77777 03017.42335
1298964505.081773 271.284196451338 5959.77771 03017.42301
1298964505.265557 271.5072592495089 5959.77766 03017.42268
1298964505.449353 270.23865398847096 5959.77761 03017.42237
1298964505.522742 270.7852556783699 5959.77757 03017.42198
1298964505.906738 272.15504382843733 5959.77755 03017.42164
1298964506.014727 273.06067026982316 5959.77756 03017.42126
1298964506.08829 273.684018196186 5959.77750 03017.42088
1298964506.271869 276.3063355215819 5959.77750 03017.42052
1298964506.65584 280.06504388996314 5959.77747 03017.42022
1298964506.845495 280.24263889971957 5959.77746 03017.41985
1298964506.913176 280.2649027093408 5959.77744 03017.41953
1298964507.244551 279.50545588604797 5959.77742 03017.41915
1298964507.428027 278.6513746529482 5959.77743 03017.41879
1298964507.667784 277.785293271972 5959.77744 03017.41848
1298964507.851426 276.2484263027038 5959.77743 03017.41812
1298964507.921099 275.63466991604554 5959.77743 03017.41772
1298964508.310386 274.47210621430867 5959.77738 03017.41737
1298964508.418282 273.7003078199165 5959.77734 03017.41661
1298964508.800582 273.5511873791113 5959.77738 03017.41625
1298964509.017405 272.35226153689274 5959.77741 03017.41603
1298964509.207335 272.2487631714104 5959.77739 03017.41570
1298964509.442197 271.19183148330563 5959.77740 03017.41532
1298964509.62587 270.86945941044166 5959.77740 03017.41495
1298964509.809699 270.75576208879625 5959.77741 03017.41460
1298964509.883127 270.8499904507538 5959.77741 03017.41421
1298964510.266993 271.56185389929516 5959.77739 03017.41390
1298964510.456657 271.7595012514414 5959.77736 03017.41323
1298964510.690348 272.9171892047143 5959.77742 03017.41284
1298964511.022969 272.2833829735496 5959.77742 03017.41253
1298964511.256745 271.6651465061695 5959.77745 03017.41182
1298964511.597803 268.53562847461563 5959.77742 03017.41145
1298964511.830748 267.8474769641991 5959.77745 03017.41110
1298964512.021996 268.230246750169 5959.77748 03017.41080
1298964512.205697 269.2658728710956 5959.77750 03017.41049
1298964512.27949 270.1793862721186 5959.77746 03017.41022
1298964512.671667 274.1236092870735 5959.77744 03017.40994
1298964512.861121 276.78466013981017 5959.77741 03017.40962
1298964512.928879 276.84556082542673 5959.77739 03017.40930
1298964513.326989 275.34565081191045 5959.77743 03017.40901
1298964513.43484 275.30099664005127 5959.77741 03017.40882
1298964513.620159 273.4455566451846 5959.77734 03017.40852
1298964513.852128 273.9156786018276 5959.77734 03017.40817
1298964514.069002 271.5019272129831 5959.77726 03017.40786
1298964514.258052 271.32978253177623 5959.77728 03017.40757
1298964514.325466 271.4542914100938 5959.77727 03017.40730
1298964514.665975 270.0273061150235 5959.77726 03017.40699
1298964514.849586 270.41357536653277 5959.77729 03017.40674
1298964514.924831 270.33944097970675 5959.77727 03017.40644
1298964515.158472 270.2784345827596 5959.77725 03017.40620
1298964515.499735 273.43713859814113 5959.77725 03017.40598
1298964515.683155 274.39996262791334 5959.77720 03017.40566
1298964515.756783 275.9961267201243 5959.77715 03017.40539
1298964516.14918 275.2719167760654 5959.77708 03017.40506
1298964516.338605 274.99458585369734 5959.77700 03017.40479
1298964516.522281 274.36139332056774 5959.77696 03017.40455
1298964516.705849 273.55425682327376 5959.77692 03017.40423
1298964516.779599 273.6810490670671 5959.77685 03017.40392
1298964517.121462 269.71455933296437 5959.77682 03017.40356
1298964517.304946 268.3645309035485 5959.77671 03017.40324
1298964517.378624 267.694656826312 5959.77662 03017.40291
1298964517.562342 265.7410868761246 5959.77654 03017.40247
1298964517.960977 266.02583990983567 5959.77647 03017.40204
1298964518.144804 268.37875379077593 5959.77647 03017.40166
1298964518.32842 274.8094733090475 5959.77633 03017.40122
1298964518.512005 279.60084493885665 5959.77627 03017.40091
1298964518.701517 281.9941393992354 5959.77627 03017.40051
1298964518.76946 284.2771403865723 5959.77623 03017.40008
1298964519.144476 282.4345140828771 5959.77626 03017.39968
1298964519.333782 277.2893898887589 5959.77615 03017.39937
1298964519.401675 276.0932521279621 5959.77618 03017.39906
1298964519.589545 270.48840350867397 5959.77614 03017.39871
1298964519.982545 265.1865682663881 5959.77612 03017.39832
1298964520.166037 263.1925411838544 5959.77610 03017.39762
1298964520.407136 267.22992074548193 5959.77608 03017.39730
1298964520.748841 268.8952475643848 5959.77606 03017.39695
1298964520.982527 272.2123051089639 5959.77603 03017.39656
1298964521.166142 273.66855382891737 5959.77598 03017.39585
1298964521.355616 275.72272559603186 5959.77600 03017.39557
1298964521.748565 277.19523640660196 5959.77594 03017.39485
1298964521.937981 278.70165017691266 5959.77594 03017.39457
1298964522.330969 274.5974368602944 5959.77593 03017.39423
1298964522.520488 273.5080389921845 5959.77592 03017.39391
1298964522.704091 270.5179507023899 5959.77588 03017.39361
1298964522.937691 271.3453006736394 5959.77587 03017.39330
1298964523.123973 271.39837312869 5959.77584 03017.39275
1298964523.520188 276.53502856493844 5959.77583 03017.39221
1298964523.89504 277.62100060976314 5959.77578 03017.39149
1298964524.0847 275.94300130232784 5959.77581 03017.39104
1298964524.477528 272.00746263195714 5959.77576 03017.39074
1298964524.666979 268.3695668832017 5959.77577 03017.39034
1298964524.734818 267.3470898654068 5959.77575 03017.38991
1298964524.918511 266.5605415367423 5959.77578 03017.38957
1298964525.264792 264.08087341143414 5959.77575 03017.38919
1298964525.498385 265.6260160092226 5959.77582 03017.38884
1298964525.681725 266.90156401220855 5959.77564 03017.38827
1298964526.081994 271.3372630046535 5959.77561 03017.38793
1298964526.265728 272.4756678918637 5959.77548 03017.38717
1298964526.506965 276.22304291977895 5959.77543 03017.38680
1298964526.914785 279.5592435009572 5959.77534 03017.38644
1298964527.124816 278.37054582915 5959.77531 03017.38613
1298964527.312767 276.28537992200205 5959.77524 03017.38571
1298964527.55613 274.8566845717289 5959.77521 03017.38510
1298964527.91251 271.61764767257125 5959.77518 03017.38470
1298964528.161477 268.6629474240782 5959.77518 03017.38438
1298964528.352788 268.7747265399671 5959.77512 03017.38374
1298964528.585005 270.90509369762714 5959.77509 03017.38341
1298964528.926152 275.6727401958337 5959.77500 03017.38302
1298964529.142963 276.2499743017609 5959.77500 03017.38270
1298964529.216798 276.0687876633886 5959.77498 03017.38227
1298964529.401776 276.27684876100494 5959.77494 03017.38211
1298964529.742874 273.2188809955751 5959.77490 03017.38175
1298964529.976539 270.7800740445724 5959.77488 03017.38130
1298964530.160538 269.3355015361758 5959.77486 03017.38102
1298964530.241515 268.0651194846716 5959.77481 03017.38057
1298964530.5846 268.9942092070712 5959.77475 03017.38030
1298964530.772692 268.7762705676565 5959.77474 03017.38001
1298964530.840236 269.0666330476865 5959.77462 03017.37960
1298964531.031617 268.85452562418186 5959.77458 03017.37922
1298964531.440821 271.0242808452496 5959.77451 03017.37882
1298964531.632175 271.9605527197982 5959.77451 03017.37855
1298964531.815824 273.37122741624114 5959.77448 03017.37822
1298964532.007162 274.00956697200314 5959.77442 03017.37784
1298964532.206236 273.6512321065706 5959.77439 03017.37754
1298964532.455201 274.02697592862944 5959.77432 03017.37691
1298964532.805855 271.60092630152604 5959.77433 03017.37660
1298964533.004933 268.9250868933284 5959.77431 03017.37626
1298964533.080616 267.59935363772377 5959.77430 03017.37594
1298964533.436968 264.5458607076569 5959.77428 03017.37564
1298964533.685909 262.79436396873894 5959.77428 03017.37498
1298964533.877405 263.58146128184245 5959.77422 03017.37469
1298964534.095214 262.7385107988438 5959.77423 03017.37437
1298964534.443149 267.2866513018395 5959.77419 03017.37395
1298964534.684521 268.4515900789 5959.77414 03017.37373
1298964534.875722 269.739179269725 5959.77410 03017.37299
1298964535.28348 270.862549019459 5959.77409 03017.37269
1298964535.4748 271.53751096548075 5959.77413 03017.37209
1298964535.658519 271.8279381410384 5959.77407 03017.37178
1298964536.058482 269.90509649379976 5959.77407 03017.37138
1298964536.249939 269.10860723807303 5959.77409 03017.37108
1298964536.441184 268.64073639430467 5959.77411 03017.37065
1298964536.641071 266.2623965383914 5959.77413 03017.37036
1298964536.888042 266.004242707954 5959.77411 03017.37002
1298964537.005169 265.48885191502166 5959.77412 03017.36963
1298964537.080555 265.5719624031949 5959.77412 03017.36931
1298964537.4899 268.1962734255042 5959.77408 03017.36895
1298964537.605511 268.9033607110248 5959.77408 03017.36867
1298964537.673159 268.90426153140567 5959.77407 03017.36834
1298964538.021942 273.2183583240111 5959.77405 03017.36797
1298964538.221002 273.4505750191613 5959.77401 03017.36731
1298964538.420065 274.7076295964301 5959.77405 03017.36700
1298964538.621667 273.8042955150881 5959.77401 03017.36656
1298964539.021141 273.024681981598 5959.77396 03017.36614
1298964539.253597 272.0218128853337 5959.77397 03017.36582
1298964539.452578 272.84688474586835 5959.77392 03017.36551
1298964539.520402 273.0691084535777 5959.77391 03017.36522
1298964539.861383 273.89056991942067 5959.77390 03017.36489
1298964540.052735 274.3668315886104 5959.77383 03017.36413
1298964540.301749 273.30577982978696 5959.77379 03017.36370
1298964540.650608 272.5141986438403 5959.77366 03017.36345
1298964540.834198 273.06067026982316 5959.77363 03017.36319
1298964541.07554 272.58592262334224 5959.77351 03017.36282
1298964541.274674 270.5026692713223 5959.77342 03017.36249
1298964541.473612 268.04822699228737 5959.77333 03017.36219
1298964541.66679 265.3450153933583 5959.77330 03017.36192
1298964541.748176 264.54418847289946 5959.77322 03017.36159
1298964542.098815 262.90420889887713 5959.77311 03017.36126
1298964542.297904 262.1927818847891 5959.77310 03017.36097
1298964542.371861 263.0796962274442 5959.77303 03017.36064
1298964542.728662 265.9703754165737 5959.77305 03017.36038
1298964542.921542 268.065699360384 5959.77291 03017.35966
1298964543.13049 267.7256908275212 5959.77287 03017.35934
1298964543.371183 266.9092804076143 5959.77281 03017.35895
1298964543.721861 266.27703450213255 5959.77276 03017.35863
1298964543.845059 266.4017007609424 5959.77272 03017.35835
1298964544.121664 266.0759851283223 5959.77268 03017.35777
1298964544.478041 265.3390664701297 5959.77257 03017.35740
1298964544.677058 265.9491988092424 5959.77252 03017.35709
1298964544.752644 265.795828050086 5959.77252 03017.35681
1298964544.951721 267.3196362117757 5959.77247 03017.35646
1298964545.360991 269.35273723679546 5959.77255 03017.35623
1298964545.550474 270.6265207267887 5959.77247 03017.35589
1298964545.734036 269.86522171259764 5959.77244 03017.35562
1298964545.917762 268.14281341814615 5959.77247 03017.35536
1298964546.101456 266.6337828514133 5959.77242 03017.35496
1298964546.290873 263.7122829713413 5959.77245 03017.35435
1298964546.69252 266.5634153259007 5959.77251 03017.35414
1298964546.883803 268.8419137424764 5959.77219 03017.35333
1298964547.082855 272.91458832252727 5959.77209 03017.35302
1298964547.505681 274.358060842037 5959.77186 03017.35227
1298964547.700072 273.3220960656232 5959.77182 03017.35195
1298964547.896455 270.7069776506375 5959.77174 03017.35159
1298964548.313239 267.29162446210074 5959.77166 03017.35129
1298964548.512389 268.2201008436338 5959.77160 03017.35098
1298964548.71298 267.82454364271643 5959.77144 03017.35036
1298964549.078807 268.88039863191204 5959.77137 03017.34999
1298964549.31107 268.0305651875377 5959.77128 03017.34931
1298964549.504452 269.6643060410927 5959.77124 03017.34900
1298964549.927758 269.8487126796886 5959.77122 03017.34873
1298964550.126874 270.8223226421369 5959.77120 03017.34844
1298964550.320052 267.81289894817183 5959.77119 03017.34809
1298964550.56896 266.5010669343881 5959.77115 03017.34775
1298964550.760544 263.47196061052216 5959.76967 03017.34771
1298964550.943949 263.3660863168967 5959.76937 03017.34876
1298964551.017678 264.08110733095464 5959.76917 03017.34954
1298964551.375985 262.54618717630757 5959.76870 03017.35042
1298964551.559776 263.0558811563508 5959.76876 03017.35075
1298964551.799852 262.50308949032615 5959.76905 03017.35087
1298964552.158028 263.4788858270851 5959.77025 03017.34931
1298964552.34172 262.79226560655303 5959.77069 03017.34722
1298964552.531399 265.99090901958675 5959.77027 03017.34591
1298964552.940881 269.5303291655893 5959.76956 03017.34602
1298964553.130425 271.16116469969717 5959.76913 03017.34785
1298964553.314013 270.0965506679576 5959.76849 03017.34610
1298964553.670768 269.95079952108404 5959.76841 03017.34551
1298964553.854399 270.4696886101107 5959.76879 03017.34467
1298964554.07825 272.90790650454824 5959.76938 03017.34416
1298964554.488326 272.0715415625777 5959.76918 03017.34460
1298964554.677864 271.74967258248034 5959.76876 03017.34443
1298964554.861611 270.3797924815838 5959.76834 03017.34349
1298964555.045084 269.4494759897886 5959.76789 03017.34258
1298964555.228799 269.8831905600736 5959.76754 03017.34232
1298964555.418424 267.4315553268418 5959.76775 03017.34144
1298964555.602031 264.6531128294186 5959.76736 03017.34037
1298964555.669869 264.41718522479715 5959.76769 03017.33915
1298964556.034004 262.467495974575 5959.76788 03017.33882
1298964556.217748 265.480780729146 5959.76820 03017.33924
1298964556.285572 268.0205173829258 5959.76848 03017.34003
1298964556.649885 272.59708728026067 5959.76836 03017.33963
1298964556.833486 275.0201497028176 5959.76824 03017.33939
1298964556.901311 275.28327337301164 5959.76816 03017.33917
1298964557.090736 275.29758221381576 5959.76797 03017.33917
1298964557.274493 275.4364702793598 5959.76811 03017.33860
1298964557.689853 270.42610640101606 5959.76821 03017.33802
1298964557.873469 267.22656884098916 5959.76866 03017.33713
1298964558.231789 264.7550122207799 5959.76915 03017.33660
1298964558.415463 265.31344924261504 5959.76856 03017.33771
1298964558.655709 266.2623965383914 5959.76863 03017.33818
1298964559.012292 266.0555701380314 5959.76907 03017.33787
1298964559.229187 266.2034058988071 5959.76870 03017.33696
1298964559.419022 266.78776852932356 5959.76793 03017.33552
1298964559.654706 267.4427421630433 5959.76778 03017.33460
1298964559.838218 268.14281341814615 5959.76733 03017.33462
1298964560.078251 267.6333461821856 5959.76862 03017.33469
1298964560.186056 266.9300015200901 5959.76845 03017.33445
1298964560.253871 266.6213088317973 5959.76878 03017.33370
1298964560.620459 265.8032893072541 5959.76820 03017.33443
1298964560.801786 266.0761906316975 5959.76757 03017.33302
1298964561.217106 264.27271020898326 5959.76719 03017.33258
1298964561.408583 262.54251800866314 5959.76709 03017.33257
1298964561.601715 260.9897402702854 5959.76660 03017.33200
1298964561.850974 260.8519155695782 5959.76698 03017.33133
1298964562.224851 262.3751086140984 5959.76675 03017.33183
1298964562.423613 262.7095112925194 5959.76712 03017.33371
1298964562.498787 262.53766911164627 5959.76707 03017.33507
1298964562.865581 261.2231296349387 5959.76732 03017.33646
1298964563.063733 260.6742957416843 5959.76640 03017.33757
1298964563.312995 260.635706863255 5959.76576 03017.33708
1298964563.739429 259.79019548331473 5959.76511 03017.33787
1298964563.856343 259.0960199619893 5959.76463 03017.33796
1298964564.097885 258.4552875117946 5959.76435 03017.33674
1298964564.239772 258.365771536452 5959.76463 03017.33585
1298964564.479551 258.44707016838146 5959.76495 03017.33397
1298964564.661314 258.532177135948 5959.76507 03017.33417
1298964564.90168 259.4710146175011 5959.76503 03017.33213
1298964565.318887 259.2004064729312 5959.76524 03017.32987
